14.1413 -739.8745 43.2930
9.2038 -738.0491 43.2951
-12.1816 -730.2631 43.2983
14.1413 -739.8745 43.2930
9.2038 -738.0491 43.2951
-12.1816 -730.2631 43.2983
764.0701 -950.5856 24.9309
763.4432 -944.5863 24.7888
-484.4709 -772.7937 30.4753
-484.4748 -765.1439 30.7419
-484.5111 -758.2852 30.9892
-167.6649 -1153.1735 22.4508
-204.5415 -1153.1406 22.1145
285.4686 -1373.5272 31.0166
287.7996 -1370.7493 31.0243
310.2571 -1344.0967 31.0161
312.3829 -1341.5636 31.0525
201.0001 -1777.0015 28.2407
764.0701 -950.5856 24.9309
763.4432 -944.5863 24.7888
-484.4709 -772.7937 30.4753
-484.4748 -765.1439 30.7419
-484.5111 -758.2852 30.9892
-167.6649 -1153.1735 22.4508
-204.5415 -1153.1406 22.1145
285.4686 -1373.5272 31.0166
287.7996 -1370.7493 31.0243
310.2571 -1344.0967 31.0161
312.3829 -1341.5636 31.0525
201.0001 -1777.0015 28.2407
-1563.1719 -5.4896 57.9090
-1508.9976 -100.8326 53.1361
-1105.7308 153.8420 62.0392
-1103.0598 70.7334 53.1920
-1112.6486 -102.0763 40.8765
-1135.1674 0.9377 47.9731
-983.8182 -100.4265 39.5902
-855.2332 -16.7361 39.5595
-842.3577 -18.0735 38.8812
-769.9282 30.6638 39.6504
-777.8467 33.0096 39.6504
-787.8300 28.1794 39.6504
-790.5573 18.9626 39.6504
-1912.5427 419.1794 95.3518
-1911.6257 413.0060 95.3497
-2287.8435 252.3701 168.5734
-2283.0081 245.8207 168.5734
-2279.6472 238.2725 168.5734
-2278.1367 227.6416 168.5734
-2278.2942 218.6270 168.5734
-2274.4595 206.1743 168.5734
-2277.7329 213.5269 168.5734
-2268.8198 193.5074 168.5734
-2265.5305 186.1199 168.5734
-2259.7324 189.1235 173.6013
-2263.8108 198.2836 173.6013
-2255.9714 243.7004 173.6014
-2255.7891 254.1415 173.6014
-2258.4028 256.7617 173.6014
-2267.0518 256.9127 173.6014
1405.5646 1141.4791 113.4427
1405.1527 1156.5966 113.4427
-623.0858 535.3647 109.4791
-615.0563 537.5681 109.4791
-1028.8920 775.8663 170.1790
-1009.7060 770.1974 170.3735
-1495.4788 865.6696 180.5779
-1524.0897 830.5002 185.2020
-1503.6361 855.9547 180.5779
-1512.7706 851.6949 180.5779
-1500.4010 863.3743 180.5779
-1529.8784 841.6307 180.5779
-189.2508 6363.7632 30.4726
-329.1725 6186.6357 30.4600
-388.0820 6036.2246 30.4843
-384.6492 6032.7983 30.4874
1832.2092 3669.7339 33.2957
1844.8618 3677.0386 33.2957
1824.2493 3665.1382 33.2957
1814.6201 3675.1304 33.2957
1852.2783 3681.3457 33.2665
1858.7568 3685.0669 33.2665
1882.0375 3808.1787 31.7787
228.2354 -601.2047 42.8795
231.2539 -599.9039 42.8795
235.7243 -590.3171 42.8795
240.3054 -580.4930 42.8795
226.3922 -558.5086 42.8795
215.5078 -558.5086 42.8795
199.1116 -556.8584 42.8795
188.2797 -556.8584 42.8795
177.4477 -556.8584 42.8795
166.6475 -556.8584 42.8795
155.8473 -556.8584 42.8795
145.0471 -556.8584 42.8795
210.2187 -600.5691 42.8795
200.0363 -596.8630 42.8795
189.8539 -593.1569 42.8795
179.6715 -589.4508 42.8795
169.4891 -585.7448 42.8795
-1563.1719 -5.4896 57.9090
-1508.9976 -100.8326 53.1361
-1105.7308 153.8420 62.0392
-1103.0598 70.7334 53.1920
-1112.6486 -102.0763 40.8765
-1135.1674 0.9377 47.9731
-983.8182 -100.4265 39.5902
-855.2332 -16.7361 39.5595
-842.3577 -18.0735 38.8812
-769.9282 30.6638 39.6504
-777.8467 33.0096 39.6504
-787.8300 28.1794 39.6504
-790.5573 18.9626 39.6504
-1912.5427 419.1794 95.3518
-1911.6257 413.0060 95.3497
-2287.8435 252.3701 168.5734
-2283.0081 245.8207 168.5734
-2279.6472 238.2725 168.5734
-2278.1367 227.6416 168.5734
-2278.2942 218.6270 168.5734
-2274.4595 206.1743 168.5734
-2277.7329 213.5269 168.5734
-2268.8198 193.5074 168.5734
-2265.5305 186.1199 168.5734
-2259.7324 189.1235 173.6013
-2263.8108 198.2836 173.6013
-2255.9714 243.7004 173.6014
-2255.7891 254.1415 173.6014
-2258.4028 256.7617 173.6014
-2267.0518 256.9127 173.6014
1405.5646 1141.4791 113.4427
1405.1527 1156.5966 113.4427
-623.0858 535.3647 109.4791
-615.0563 537.5681 109.4791
-1028.8920 775.8663 170.1790
-1009.7060 770.1974 170.3735
-1495.4788 865.6696 180.5779
-1524.0897 830.5002 185.2020
-1503.6361 855.9547 180.5779
-1512.7706 851.6949 180.5779
-1500.4010 863.3743 180.5779
-1529.8784 841.6307 180.5779
-189.2508 6363.7632 30.4726
-329.1725 6186.6357 30.4600
-388.0820 6036.2246 30.4843
-384.6492 6032.7983 30.4874
1832.2092 3669.7339 33.2957
1844.8618 3677.0386 33.2957
1824.2493 3665.1382 33.2957
1814.6201 3675.1304 33.2957
1852.2783 3681.3457 33.2665
1858.7568 3685.0669 33.2665
1882.0375 3808.1787 31.7787
228.2354 -601.2047 42.8795
231.2539 -599.9039 42.8795
235.7243 -590.3171 42.8795
240.3054 -580.4930 42.8795
226.3922 -558.5086 42.8795
215.5078 -558.5086 42.8795
199.1116 -556.8584 42.8795
188.2797 -556.8584 42.8795
177.4477 -556.8584 42.8795
166.6475 -556.8584 42.8795
155.8473 -556.8584 42.8795
145.0471 -556.8584 42.8795
210.2187 -600.5691 42.8795
200.0363 -596.8630 42.8795
189.8539 -593.1569 42.8795
179.6715 -589.4508 42.8795
169.4891 -585.7448 42.8795
-605.1564 -676.3522 35.2833
-597.5342 -676.3522 35.2831
-589.9120 -676.3522 35.2872
-582.2900 -676.3522 35.2878
-599.3375 -683.4122 30.2301
-603.3511 -683.4122 30.2301
-607.3648 -683.4122 30.2301
-600.8857 -699.5361 30.2301
-594.2073 -699.5361 30.2301
-584.6367 -704.5582 30.2301
-584.6367 -697.6017 30.2603
-594.2073 -700.4057 30.2301
-600.8857 -700.3737 30.2301
-600.4667 -689.4763 30.2301
-601.3045 -689.4763 30.2301
-592.7101 -689.4763 30.2301
-557.9813 -793.3200 29.6956
-558.1695 -776.6531 29.6959
-798.9501 -949.4125 14.8118
-785.1910 -955.9936 14.8997
-821.1523 -920.9648 15.5078
-828.2346 -931.3298 15.5028
-829.7817 -922.6351 15.5025
-1608.2695 -348.4104 48.2032
-1610.3069 -350.9039 48.2032
-1601.0034 -330.2588 48.2033
-36.7114 348.7819 112.9114
-53.2951 311.4879 111.6916
-605.1564 -676.3522 35.2833
-597.5342 -676.3522 35.2831
-589.9120 -676.3522 35.2872
-582.2900 -676.3522 35.2878
-599.3375 -683.4122 30.2301
-603.3511 -683.4122 30.2301
-607.3648 -683.4122 30.2301
-600.8857 -699.5361 30.2301
-594.2073 -699.5361 30.2301
-584.6367 -704.5582 30.2301
-584.6367 -697.6017 30.2603
-594.2073 -700.4057 30.2301
-600.8857 -700.3737 30.2301
-600.4667 -689.4763 30.2301
-601.3045 -689.4763 30.2301
-592.7101 -689.4763 30.2301
-557.9813 -793.3200 29.6956
-558.1695 -776.6531 29.6959
-798.9501 -949.4125 14.8118
-785.1910 -955.9936 14.8997
-821.1523 -920.9648 15.5078
-828.2346 -931.3298 15.5028
-829.7817 -922.6351 15.5025
3556.8159 -4689.0059 113.5940
-1608.2695 -348.4104 48.2032
-1610.3069 -350.9039 48.2032
-1601.0034 -330.2588 48.2033
-36.7114 348.7819 112.9114
-53.2951 311.4879 111.6916
-1074.3811 -258.7526 36.8527
-1070.4980 -256.7306 36.8632
-931.4026 -282.8636 38.5265
-925.6448 -279.9758 38.6260
-1650.5610 219.0105 59.6633
-1575.5233 251.8864 57.9732
-1573.8057 250.2667 57.9971
-1667.5847 221.0161 60.6198
-1683.0106 213.9502 61.7635
-1241.6482 359.1272 79.0022
-1238.1927 360.1338 79.0033
-1222.1598 364.7841 79.0028
-1218.7043 365.7907 79.0031
-1225.4185 357.2015 79.0054
-1229.1228 356.0753 79.0065
-1232.9290 354.9792 79.0071
-1237.6074 346.9828 79.0064
-1236.6299 343.5191 79.0068
-1230.9435 324.0482 79.0074
-1231.9214 327.5118 79.0080
-1337.3269 327.1369 64.5043
-1370.9813 316.9548 64.5029
-1355.9142 321.4973 64.5041
-1323.0228 331.4450 64.5038
-831.4798 -54.5169 36.8927
-868.7994 -73.7392 36.8871
-799.8097 61.5085 49.2261
-834.4843 44.6601 46.9858
-847.6758 -119.0678 36.7949
-843.2859 -126.8739 36.6407
-497.4575 -251.5960 34.7713
-3021.1035 79.0517 10.6302
-3025.7966 83.1131 10.6322
-3121.0710 324.6151 6.6120
-3119.4849 293.1356 11.0260
-3121.5422 285.5261 11.0234
-1895.5066 2057.8018 139.9902
-3036.5088 585.0453 6.8163
2586.4976 464.4383 107.6271
2575.2227 464.4383 107.6551
2538.3652 -344.2628 93.1364
1670.4979 4739.0713 41.0642
-179.3801 -602.4459 47.2390
-175.5779 -601.8668 47.2373
-178.1290 -598.8969 47.2418
-113.2028 -590.7013 47.2418
-111.7788 -587.1124 47.2418
-109.3111 -590.2526 47.2418
-134.9323 -559.5222 47.2418
-165.4970 -564.8724 47.2418
-136.2827 -563.1329 47.2418
-167.0546 -568.4876 47.2418
-163.1074 -567.9814 47.2418
-132.4339 -562.5245 47.2418
-159.4010 -626.4131 47.2393
-158.2039 -622.7901 47.2377
-155.3914 -625.9263 47.2377
-119.7614 -619.4639 47.2356
-123.8256 -619.9506 47.2354
-122.6288 -616.3282 47.2379
-166.6641 -605.9113 47.2373
-168.3504 -610.5444 47.2373
-160.7053 -613.3405 47.2373
-165.5609 -614.1967 47.2373
-162.2475 -605.1926 47.2373
-159.0783 -608.9697 47.2373
-124.4864 -598.3318 47.2373
-126.1727 -602.9649 47.2373
-123.3861 -606.7477 47.2373
-118.5306 -605.8916 47.2373
-116.7841 -601.4557 47.2373
-119.9533 -597.6787 47.2373
-151.9619 -565.5931 47.2373
-153.6482 -570.2263 47.2373
-150.8342 -574.0102 47.2373
-145.9787 -573.1541 47.2373
-144.3524 -568.6540 47.2373
-147.5217 -564.8770 47.2373
301.0199 -576.8063 42.3272
297.2935 -588.8150 42.3272
295.3752 -594.0920 42.3272
363.2601 -578.2717 27.8618
352.7858 -601.3384 27.7891
341.1430 -628.8791 28.3097
338.8049 -628.0281 28.3121
330.7630 -625.1011 28.3109
333.1011 -625.9520 28.3108
334.5876 -619.6179 28.3109
332.2495 -618.7668 28.3109
340.6796 -621.8464 28.3136
343.0177 -622.6974 28.3119
-151.4718 -738.8679 33.3028
-155.2782 -749.1601 32.9003
-158.9247 -759.1613 32.3713
-162.6567 -769.5380 31.7591
-209.3295 -719.2869 32.5775
-208.3167 -716.5869 32.6628
-215.8272 -737.3210 32.4941
-216.7040 -739.6736 32.4605
-237.3683 -757.7919 29.5000
-281.0669 -1049.2213 26.2359
-278.4655 -1050.1586 26.2335
-283.1543 -1050.7452 26.2291
-284.0915 -1053.3477 26.2277
399.7534 -807.7814 28.3138
413.0514 -784.4359 28.3070
419.1441 -967.9560 28.4441
419.1441 -971.5034 28.4494
466.1424 -817.7509 25.8332
446.9347 -966.0593 27.7978
436.1377 -966.1867 28.1504
-1074.3811 -258.7526 36.8527
-1070.4980 -256.7306 36.8632
-931.4026 -282.8636 38.5265
-925.6448 -279.9758 38.6260
-1650.5610 219.0105 59.6633
-1575.5233 251.8864 57.9732
-1573.8057 250.2667 57.9971
-1667.5847 221.0161 60.6198
-1683.0106 213.9502 61.7635
-1241.6482 359.1272 79.0022
-1238.1927 360.1338 79.0033
-1222.1598 364.7841 79.0028
-1218.7043 365.7907 79.0031
-1225.4185 357.2015 79.0054
-1229.1228 356.0753 79.0065
-1232.9290 354.9792 79.0071
-1237.6074 346.9828 79.0064
-1236.6299 343.5191 79.0068
-1230.9435 324.0482 79.0074
-1231.9214 327.5118 79.0080
-1337.3269 327.1369 64.5043
-1370.9813 316.9548 64.5029
-1355.9142 321.4973 64.5041
-1323.0228 331.4450 64.5038
-831.4798 -54.5169 36.8927
-868.7994 -73.7392 36.8871
-799.8097 61.5085 49.2261
-834.4843 44.6601 46.9858
-847.6758 -119.0678 36.7949
-843.2859 -126.8739 36.6407
-497.4575 -251.5960 34.7713
-3021.1035 79.0517 10.6302
-3025.7966 83.1131 10.6322
-3121.0710 324.6151 6.6120
-3119.4849 293.1356 11.0260
-3121.5422 285.5261 11.0234
-1895.5066 2057.8018 139.9902
-3036.5088 585.0453 6.8163
2586.4976 464.4383 107.6271
2575.2227 464.4383 107.6551
2538.3652 -344.2628 93.1364
1670.4979 4739.0713 41.0642
-179.3801 -602.4459 47.2390
-175.5779 -601.8668 47.2373
-178.1290 -598.8969 47.2418
-113.2028 -590.7013 47.2418
-111.7788 -587.1124 47.2418
-109.3111 -590.2526 47.2418
-134.9323 -559.5222 47.2418
-165.4970 -564.8724 47.2418
-136.2827 -563.1329 47.2418
-167.0546 -568.4876 47.2418
-163.1074 -567.9814 47.2418
-132.4339 -562.5245 47.2418
-159.4010 -626.4131 47.2393
-158.2039 -622.7901 47.2377
-155.3914 -625.9263 47.2377
-119.7614 -619.4639 47.2356
-123.8256 -619.9506 47.2354
-122.6288 -616.3282 47.2379
-166.6641 -605.9113 47.2373
-168.3504 -610.5444 47.2373
-160.7053 -613.3405 47.2373
-165.5609 -614.1967 47.2373
-162.2475 -605.1926 47.2373
-159.0783 -608.9697 47.2373
-124.4864 -598.3318 47.2373
-126.1727 -602.9649 47.2373
-123.3861 -606.7477 47.2373
-118.5306 -605.8916 47.2373
-116.7841 -601.4557 47.2373
-119.9533 -597.6787 47.2373
-151.9619 -565.5931 47.2373
-153.6482 -570.2263 47.2373
-150.8342 -574.0102 47.2373
-145.9787 -573.1541 47.2373
-144.3524 -568.6540 47.2373
-147.5217 -564.8770 47.2373
301.0199 -576.8063 42.3272
297.2935 -588.8150 42.3272
295.3752 -594.0920 42.3272
363.2601 -578.2717 27.8618
352.7858 -601.3384 27.7891
341.1430 -628.8791 28.3097
338.8049 -628.0281 28.3121
330.7630 -625.1011 28.3109
333.1011 -625.9520 28.3108
334.5876 -619.6179 28.3109
332.2495 -618.7668 28.3109
340.6796 -621.8464 28.3136
343.0177 -622.6974 28.3119
-151.4718 -738.8679 33.3028
-155.2782 -749.1601 32.9003
-158.9247 -759.1613 32.3713
-162.6567 -769.5380 31.7591
-209.3295 -719.2869 32.5775
-208.3167 -716.5869 32.6628
-215.8272 -737.3210 32.4941
-216.7040 -739.6736 32.4605
-237.3683 -757.7919 29.5000
-265.3527 -887.1282 30.2395
-259.2668 -889.2926 30.2403
-242.1134 -895.5060 30.2425
-270.5769 -898.7943 30.2394
-256.6642 -890.2294 30.2385
-299.0594 -940.6310 30.2273
-302.5050 -950.7336 30.2310
-306.0428 -960.9288 30.2229
-248.5939 -893.2216 30.2391
-251.1960 -892.2845 30.2395
-281.0669 -1049.2213 26.2359
-278.4655 -1050.1586 26.2335
-283.1543 -1050.7452 26.2291
-284.0915 -1053.3477 26.2277
399.7534 -807.7814 28.3138
413.0514 -784.4359 28.3070
419.1441 -967.9560 28.4441
419.1441 -971.5034 28.4494
466.1424 -817.7509 25.8332
446.9347 -966.0593 27.7978
436.1377 -966.1867 28.1504
807.2241 -287.0390 65.4849
807.0859 -286.1313 65.4849
699.8480 -282.3127 58.2914
702.7082 -277.1656 58.2917
695.1690 -295.6777 58.3004
789.4960 -295.0686 59.2284
881.7416 -290.0916 64.6605
888.7377 -276.8166 64.6574
871.2297 -278.9555 64.6659
904.9183 -286.4339 64.6664
914.6942 -283.1400 64.6601
923.6904 -290.4594 64.6607
921.1636 -301.7850 64.6607
909.9561 -304.9352 64.6583
902.1215 -296.3064 64.6606
855.7075 -279.6516 64.6512
841.6003 -275.1465 64.1502
843.1542 -306.0031 64.5554
830.2896 -301.6814 64.6150
233.8914 -376.6659 43.3788
237.0423 -377.7227 43.4156
253.1991 -383.1418 43.6600
256.4157 -384.2206 43.7157
226.6903 -1203.1372 37.9277
229.6987 -1203.1372 37.9269
232.6805 -1203.1372 37.9244
226.6992 -1205.3843 37.9276
229.6810 -1205.3843 37.9270
232.6894 -1205.3843 37.9237
301.9576 -1205.3843 37.9164
301.9487 -1203.1372 37.9178
284.5157 -1205.3843 37.9278
284.5068 -1203.1372 37.9278
274.4569 -1205.3843 37.9256
274.4480 -1203.1372 37.9252
-1558.7727 -276.5680 47.2900
-1535.0886 -258.2757 47.2913
-1541.2789 -251.2762 47.3008
-1552.3655 -282.3440 47.2915
-1514.7017 -330.9465 44.9464
-1514.1677 -338.2166 44.9464
-1504.8958 -332.6183 44.9464
-1504.7063 -336.1532 44.9465
-1312.4088 -816.7191 16.0456
-1167.4189 -715.5491 20.1666
-1159.8352 -709.1339 20.4227
-1917.1067 -395.3448 47.3477
-1915.1304 -397.9305 47.2271
-1894.1639 -425.9192 45.1390
-1891.1901 -427.2937 45.0755
-1861.8096 -450.4285 45.1882
-1420.7581 -397.6922 35.3068
-1417.6112 -395.8011 35.3298
-1334.0421 -613.0247 27.0454
-1331.4025 -617.1021 26.8463
-1361.2941 -608.9548 27.8571
-1358.6515 -613.0038 27.6622
-1352.0402 -622.9622 27.1798
-1349.3165 -627.2522 26.9718
-1335.8439 -643.1731 26.0877
-1333.0363 -646.8666 25.8883
-1328.4987 -652.8313 25.6097
-1320.8190 -637.5857 25.8826
-1323.2811 -634.2634 26.0627
-1286.9045 -683.0883 24.0530
-1285.4846 -685.0131 23.9040
-1396.7396 -586.9713 29.3230
-1371.7263 -690.3794 23.9103
-1337.5195 -667.3804 25.4321
-1352.4647 -557.3593 29.2581
-1301.3625 -639.8962 25.5622
-1402.1171 -589.8767 29.3807
-707.7874 4.0069 37.0621
-673.0096 14.6560 37.9244
-296.5230 277.3585 88.9059
-299.3041 276.8686 88.9059
-290.1349 278.4214 88.9059
-281.1569 279.3009 88.9059
-1391.9868 -913.3701 10.1004
-1390.3171 -927.8387 10.0250
-1229.6375 -960.4344 1.1920
-1231.8225 -956.4408 1.1920
-1209.5266 -944.6425 1.1920
-1224.6780 -969.1899 1.1920
-1226.9996 -965.1107 1.1920
-1211.2188 -941.8693 1.1920
-1218.9100 -940.9646 1.1925
-1217.1221 -943.9803 1.1920
-1230.2239 -950.7661 1.1920
-1222.1801 -935.3469 1.1920
-1210.8312 -954.9514 1.1920
-1212.4399 -952.2331 1.1920
-1225.1985 -959.3665 1.1920
-1206.0408 -955.0609 1.1920
-1207.3315 -960.9947 1.1920
-801.2585 -1388.0713 4.0341
-784.3992 -1367.8567 4.0021
-818.9534 -1379.5435 4.0021
-1135.5952 -1371.1268 4.0666
-1139.2429 -1364.0726 4.0666
-1179.7678 -1408.5894 3.5760
-1152.3098 -1389.4570 4.1355
-1154.9949 -1365.4784 4.0857
-949.1793 -1401.6388 4.2116
-936.0092 -1396.8771 4.2077
-918.4510 -1390.5804 4.2077
-929.6231 -1394.5060 4.2116
-957.0153 -1404.6781 4.2077
-970.1852 -1409.4398 4.2116
-987.7739 -1415.8793 4.2116
-976.6016 -1411.9540 4.2077
-910.3912 -1396.0966 4.2116
-987.4814 -1432.9476 4.2066
-984.4118 -1441.3812 4.2066
-938.5540 -1500.6879 4.2001
-921.9285 -1494.6598 4.2001
-903.8287 -1488.0460 4.2001
-887.7759 -1482.2074 4.2001
-875.2462 -1520.0433 4.2001
-921.5911 -1566.3988 4.2001
-896.9241 -1541.7245 4.2001
-978.6043 -1623.4613 4.1910
-946.1246 -1590.9547 4.2001
-869.9451 -1501.3285 4.2001
-875.7840 -1485.2760 4.2001
-862.3311 -1516.8146 4.2001
-859.3549 -1509.6981 4.2001
807.2241 -287.0390 65.4849
807.0859 -286.1313 65.4849
699.8480 -282.3127 58.2914
702.7082 -277.1656 58.2917
695.1690 -295.6777 58.3004
789.4960 -295.0686 59.2284
881.7416 -290.0916 64.6605
888.7377 -276.8166 64.6574
871.2297 -278.9555 64.6659
904.9183 -286.4339 64.6664
914.6942 -283.1400 64.6601
923.6904 -290.4594 64.6607
921.1636 -301.7850 64.6607
909.9561 -304.9352 64.6583
902.1215 -296.3064 64.6606
855.7075 -279.6516 64.6512
841.6003 -275.1465 64.1502
843.1542 -306.0031 64.5554
830.2896 -301.6814 64.6150
233.8914 -376.6659 43.3788
237.0423 -377.7227 43.4156
253.1991 -383.1418 43.6600
256.4157 -384.2206 43.7157
226.6903 -1203.1372 37.9277
229.6987 -1203.1372 37.9269
232.6805 -1203.1372 37.9244
226.6992 -1205.3843 37.9276
229.6810 -1205.3843 37.9270
232.6894 -1205.3843 37.9237
301.9576 -1205.3843 37.9164
301.9487 -1203.1372 37.9178
284.5157 -1205.3843 37.9278
284.5068 -1203.1372 37.9278
274.4569 -1205.3843 37.9256
274.4480 -1203.1372 37.9252
-1558.7727 -276.5680 47.2900
-1535.0886 -258.2757 47.2913
-1541.2789 -251.2762 47.3008
-1552.3655 -282.3440 47.2915
-1514.7017 -330.9465 44.9464
-1514.1677 -338.2166 44.9464
-1504.8958 -332.6183 44.9464
-1504.7063 -336.1532 44.9465
-1312.4088 -816.7191 16.0456
-1167.4189 -715.5491 20.1666
-1159.8352 -709.1339 20.4227
-1917.1067 -395.3448 47.3477
-1915.1304 -397.9305 47.2271
-1894.1639 -425.9192 45.1390
-1891.1901 -427.2937 45.0755
-1861.8096 -450.4285 45.1882
-1420.7581 -397.6922 35.3068
-1417.6112 -395.8011 35.3298
-1334.0421 -613.0247 27.0454
-1331.4025 -617.1021 26.8463
-1361.2941 -608.9548 27.8571
-1358.6515 -613.0038 27.6622
-1352.0402 -622.9622 27.1798
-1349.3165 -627.2522 26.9718
-1335.8439 -643.1731 26.0877
-1333.0363 -646.8666 25.8883
-1328.4987 -652.8313 25.6097
-1320.8190 -637.5857 25.8826
-1323.2811 -634.2634 26.0627
-1286.9045 -683.0883 24.0530
-1285.4846 -685.0131 23.9040
-1396.7396 -586.9713 29.3230
-1371.7263 -690.3794 23.9103
-1337.5195 -667.3804 25.4321
-1352.4647 -557.3593 29.2581
-1301.3625 -639.8962 25.5622
-1402.1171 -589.8767 29.3807
-707.7874 4.0069 37.0621
-673.0096 14.6560 37.9244
-296.5230 277.3585 88.9059
-299.3041 276.8686 88.9059
-290.1349 278.4214 88.9059
-281.1569 279.3009 88.9059
-1391.9868 -913.3701 10.1004
-1390.3171 -927.8387 10.0250
-1229.6375 -960.4344 1.1920
-1231.8225 -956.4408 1.1920
-1209.5266 -944.6425 1.1920
-1224.6780 -969.1899 1.1920
-1226.9996 -965.1107 1.1920
-1211.2188 -941.8693 1.1920
-1218.9100 -940.9646 1.1925
-1217.1221 -943.9803 1.1920
-1230.2239 -950.7661 1.1920
-1222.1801 -935.3469 1.1920
-1210.8312 -954.9514 1.1920
-1212.4399 -952.2331 1.1920
-1225.1985 -959.3665 1.1920
-1206.0408 -955.0609 1.1920
-1207.3315 -960.9947 1.1920
-801.2585 -1388.0713 4.0341
-784.3992 -1367.8567 4.0021
-818.9534 -1379.5435 4.0021
-1135.5952 -1371.1268 4.0666
-1139.2429 -1364.0726 4.0666
-1179.7678 -1408.5894 3.5760
-1152.3098 -1389.4570 4.1355
-1154.9949 -1365.4784 4.0857
-949.1793 -1401.6388 4.2116
-936.0092 -1396.8771 4.2077
-918.4510 -1390.5804 4.2077
-929.6231 -1394.5060 4.2116
-957.0153 -1404.6781 4.2077
-970.1852 -1409.4398 4.2116
-987.7739 -1415.8793 4.2116
-976.6016 -1411.9540 4.2077
-910.3912 -1396.0966 4.2116
-987.4814 -1432.9476 4.2066
-984.4118 -1441.3812 4.2066
-938.5540 -1500.6879 4.2001
-921.9285 -1494.6598 4.2001
-903.8287 -1488.0460 4.2001
-887.7759 -1482.2074 4.2001
-875.2462 -1520.0433 4.2001
-921.5911 -1566.3988 4.2001
-896.9241 -1541.7245 4.2001
-978.6043 -1623.4613 4.1910
-946.1246 -1590.9547 4.2001
-869.9451 -1501.3285 4.2001
-875.7840 -1485.2760 4.2001
-862.3311 -1516.8146 4.2001
-859.3549 -1509.6981 4.2001
-917.7750 -2339.8677 5.7831
-903.0135 -2491.7061 13.5717
-897.3646 -2494.8286 13.5717
-946.7927 320.8076 70.3390
-868.5066 256.8235 73.9534
-859.5140 251.7481 73.9148
-867.0827 281.8073 79.3865
-1803.9595 -122.6757 77.7856
-1810.4379 -123.6349 77.7856
-3279.9226 969.9985 7.3815
-3279.9226 964.7468 7.3359
-3281.9612 962.5227 7.3359
-3281.9612 954.6064 7.3359
-520.8277 1188.6176 323.9513
-520.1755 1181.5829 323.9615
-167.0665 1451.2753 290.1963
-155.6109 1468.3715 289.9462
-148.3245 1483.9694 290.0996
-515.8807 1176.3594 323.9601
-508.6768 1175.7603 323.9534
-277.0675 1206.1824 317.5211
-282.7016 1202.0797 318.0872
356.3192 885.0447 195.5361
-1157.7816 927.1484 196.9875
-1153.6852 933.3934 197.3394
-917.7750 -2339.8677 5.7831
-903.0135 -2491.7061 13.5717
-897.3646 -2494.8286 13.5717
-946.7927 320.8076 70.3390
-868.5066 256.8235 73.9534
-859.5140 251.7481 73.9148
-867.0827 281.8073 79.3865
-1803.9595 -122.6757 77.7856
-1810.4379 -123.6349 77.7856
-3279.9226 969.9985 7.3815
-3279.9226 964.7468 7.3359
-3281.9612 962.5227 7.3359
-3281.9612 954.6064 7.3359
-520.8277 1188.6176 323.9513
-520.1755 1181.5829 323.9615
-167.0665 1451.2753 290.1963
-155.6109 1468.3715 289.9462
-148.3245 1483.9694 290.0996
-515.8807 1176.3594 323.9601
-508.6768 1175.7603 323.9534
-277.0675 1206.1824 317.5211
-282.7016 1202.0797 318.0872
356.3192 885.0447 195.5361
-1157.7816 927.1484 196.9875
-1153.6852 933.3934 197.3394
-236.7186 -1536.5864 30.5901
-234.6198 -1534.1199 30.5901
-228.1241 -1526.3774 30.6062
-225.9832 -1523.8550 30.6062
-215.0196 -1510.7679 30.6138
-217.1155 -1513.2809 30.6103
-1542.4650 -899.9813 9.1709
-1544.4567 -902.3549 9.1423
-1543.8510 -905.5831 9.1373
-1541.3119 -907.7136 9.1373
-1494.7444 -937.3155 9.1898
-1827.1522 -1224.8405 12.0398
-1822.8398 -1222.3508 12.0398
-1842.5760 -1242.9640 12.0580
-1826.8396 -1256.1472 12.0580
-1861.8948 -1226.5103 12.0580
-1871.7354 -1218.2638 12.0580
-1713.7026 -1071.7368 12.0398
-1691.3611 -1044.6073 12.0469
-1690.4973 -1051.3945 12.0398
-1689.7981 -1052.0118 12.0398
-1696.2036 -1059.6641 12.0398
-1696.9028 -1059.0468 12.0398
-1571.2394 -925.0220 12.0469
-1576.4647 -931.2269 12.0469
-138.1975 233.9188 93.9976
-132.4077 233.8085 93.9856
-126.3649 233.8022 93.9610
-1167.4218 -1607.8796 3.4050
-1160.6019 -1617.6189 3.4034
-1144.4049 -1640.7512 3.4026
-1151.2247 -1631.0115 3.4039
-1180.6422 -1617.1365 3.4034
-1179.3854 -1616.2566 3.4036
-1172.5656 -1625.9958 3.4041
-1173.8224 -1626.8762 3.4030
-1156.3683 -1649.1277 3.4032
-1157.6251 -1650.0081 3.4035
-1163.1881 -1639.3884 3.4039
-1164.4449 -1640.2683 3.4037
-1206.9137 -1635.5320 3.4030
-1148.6438 -1626.6826 3.3272
-1147.9921 -1626.2258 3.3111
-1185.8029 -1578.1194 3.3798
-1195.4987 -1562.8411 3.3585
-1193.5074 -1565.6848 3.3585
-1199.6945 -1556.8489 3.3503
-1211.9454 -1540.7839 3.3805
-1141.1748 -1637.4186 3.3268
-1140.5228 -1636.9617 3.3101
-1366.2050 -1131.2013 3.4999
-1365.4115 -1131.1525 3.4724
-1370.7014 -1107.1466 3.4680
-1369.9967 -1106.9075 3.4515
-1367.4205 -1191.1465 3.5477
-1366.6785 -1191.0975 3.5190
-1367.3688 -1218.1132 3.5408
-1366.6248 -1218.1298 3.5351
-1336.6945 -1311.7853 3.8457
-1335.9950 -1311.5309 3.8457
-1817.2803 -677.1351 9.4315
-1782.8285 -705.8348 9.4252
-1751.3621 -734.2840 9.2804
-1721.5336 -759.0167 9.2453
-236.7186 -1536.5864 30.5901
-234.6198 -1534.1199 30.5901
-228.1241 -1526.3774 30.6062
-225.9832 -1523.8550 30.6062
-215.0196 -1510.7679 30.6138
-217.1155 -1513.2809 30.6103
-1542.4650 -899.9813 9.1709
-1544.4567 -902.3549 9.1423
-1543.8510 -905.5831 9.1373
-1541.3119 -907.7136 9.1373
-1494.7444 -937.3155 9.1898
-1827.1522 -1224.8405 12.0398
-1822.8398 -1222.3508 12.0398
-1842.5760 -1242.9640 12.0580
-1826.8396 -1256.1472 12.0580
-1861.8948 -1226.5103 12.0580
-1871.7354 -1218.2638 12.0580
-1713.7026 -1071.7368 12.0398
-1691.3611 -1044.6073 12.0469
-1690.4973 -1051.3945 12.0398
-1689.7981 -1052.0118 12.0398
-1696.2036 -1059.6641 12.0398
-1696.9028 -1059.0468 12.0398
-1571.2394 -925.0220 12.0469
-1576.4647 -931.2269 12.0469
-298.0438 -1851.2878 24.6199
-249.3981 -1858.5555 27.6211
-229.1920 -1876.3792 27.8253
-138.1975 233.9188 93.9976
-132.4077 233.8085 93.9856
-126.3649 233.8022 93.9610
-1167.4218 -1607.8796 3.4050
-1160.6019 -1617.6189 3.4034
-1144.4049 -1640.7512 3.4026
-1151.2247 -1631.0115 3.4039
-1180.6422 -1617.1365 3.4034
-1179.3854 -1616.2566 3.4036
-1172.5656 -1625.9958 3.4041
-1173.8224 -1626.8762 3.4030
-1156.3683 -1649.1277 3.4032
-1157.6251 -1650.0081 3.4035
-1163.1881 -1639.3884 3.4039
-1164.4449 -1640.2683 3.4037
-1206.9137 -1635.5320 3.4030
-1148.6438 -1626.6826 3.3272
-1147.9921 -1626.2258 3.3111
-1185.8029 -1578.1194 3.3798
-1195.4987 -1562.8411 3.3585
-1193.5074 -1565.6848 3.3585
-1199.6945 -1556.8489 3.3503
-1211.9454 -1540.7839 3.3805
-1141.1748 -1637.4186 3.3268
-1140.5228 -1636.9617 3.3101
-1366.2050 -1131.2013 3.4999
-1365.4115 -1131.1525 3.4724
-1370.7014 -1107.1466 3.4680
-1369.9967 -1106.9075 3.4515
-1367.4205 -1191.1465 3.5477
-1366.6785 -1191.0975 3.5190
-1367.3688 -1218.1132 3.5408
-1366.6248 -1218.1298 3.5351
-1336.6945 -1311.7853 3.8457
-1335.9950 -1311.5309 3.8457
-1817.2803 -677.1351 9.4315
-1782.8285 -705.8348 9.4252
-1751.3621 -734.2840 9.2804
-1721.5336 -759.0167 9.2453
-2909.9592 22.7199 10.6061
-2906.9390 33.1836 10.6061
-2906.3638 32.9005 10.6061
-2909.3523 22.4023 10.6061
-2877.5583 12.6166 10.6061
-2874.6084 22.9877 10.6061
-2875.0696 23.2152 10.6061
-2878.0981 12.8946 10.6061
-3239.7466 1001.1497 11.5213
-3239.1270 1007.6917 11.3732
-3259.6504 984.8250 11.5973
-186.6479 1291.0155 302.6212
-182.3167 1287.2367 302.2761
1332.6200 -1550.8074 53.0575
1333.0687 -1557.4482 53.0536
1369.2628 -1557.7479 54.9468
1364.4841 -1567.5394 54.9470
-246.0340 6327.2275 31.4208
-240.9225 6322.1162 31.4208
69.4904 3710.7781 38.7508
-1864.8439 3268.7302 31.8324
-1863.2430 3271.7927 31.8309
-1857.3087 3282.2095 31.8257
-1855.7188 3284.9331 31.8244
-1779.9495 3223.9480 31.8124
-1781.8196 3220.7510 31.8141
-1773.9303 3234.6611 31.8068
-1772.1752 3237.7021 31.8053
1791.5548 3716.3445 33.1350
1790.5242 3711.6313 33.1770
247.5743 3165.6917 41.8791
504.0483 3100.0618 39.4550
752.7595 2793.4817 66.0692
748.6735 2791.2993 65.9299
1583.3409 2909.4749 55.9406
2455.9453 4969.9326 45.5904
2459.2070 4973.1924 45.5904
2446.2549 4965.4346 45.5904
-86.1888 6417.6230 30.6418
-2909.9592 22.7199 10.6061
-2906.9390 33.1836 10.6061
-2906.3638 32.9005 10.6061
-2909.3523 22.4023 10.6061
-2877.5583 12.6166 10.6061
-2874.6084 22.9877 10.6061
-2875.0696 23.2152 10.6061
-2878.0981 12.8946 10.6061
-3239.7466 1001.1497 11.5213
-3239.1270 1007.6917 11.3732
-3259.6504 984.8250 11.5973
-186.6479 1291.0155 302.6212
-182.3167 1287.2367 302.2761
1332.6200 -1550.8074 53.0575
1333.0687 -1557.4482 53.0536
1369.2628 -1557.7479 54.9468
1364.4841 -1567.5394 54.9470
-246.0340 6327.2275 31.4208
-240.9225 6322.1162 31.4208
69.4904 3710.7781 38.7508
-1864.8439 3268.7302 31.8324
-1863.2430 3271.7927 31.8309
-1857.3087 3282.2095 31.8257
-1855.7188 3284.9331 31.8244
-1779.9495 3223.9480 31.8124
-1781.8196 3220.7510 31.8141
-1773.9303 3234.6611 31.8068
-1772.1752 3237.7021 31.8053
1791.5548 3716.3445 33.1350
1790.5242 3711.6313 33.1770
247.5743 3165.6917 41.8791
504.0483 3100.0618 39.4550
752.7595 2793.4817 66.0692
748.6735 2791.2993 65.9299
1583.3409 2909.4749 55.9406
217.4562 37.3451 82.8085
209.8401 40.0846 82.8089
223.0674 39.4612 82.8078
206.8171 45.3758 82.8057
1307.8486 -1610.1061 53.3988
1289.0553 -1621.6598 53.2304
1282.8385 -1605.6934 53.8270
1289.9844 -1600.8330 53.2212
1217.2635 -1641.2261 46.7733
1228.1022 -1650.9543 46.7731
1227.5092 -1659.1084 46.7735
-16.6496 -1474.4865 29.6109
217.4562 37.3451 82.8085
209.8401 40.0846 82.8089
223.0674 39.4612 82.8078
206.8171 45.3758 82.8057
1307.8486 -1610.1061 53.3988
1289.0553 -1621.6598 53.2304
1282.8385 -1605.6934 53.8270
1289.9844 -1600.8330 53.2212
1217.2635 -1641.2261 46.7733
1228.1022 -1650.9543 46.7731
1227.5092 -1659.1084 46.7735
-16.6496 -1474.4865 29.6109
1046.2871 696.7938 158.2696
-1380.8910 733.2104 182.3564
2526.0093 2037.4318 19.2193
2664.4238 496.8815 93.8141
-280.6228 6635.1211 6.9102
1087.4573 6511.8052 20.4550
1458.1615 6363.8496 22.8616
1846.5931 4763.1260 38.7754
1777.0115 4883.6572 36.6663
1777.9060 4880.7896 36.5525
2096.4187 4958.6113 40.0468
1952.0901 5104.5703 39.0309
1949.7250 5107.5503 39.0317
2834.2639 4571.9604 45.9916
94.0840 3754.3167 40.1829
-459.4892 2864.1914 34.6380
-2873.4155 3107.4807 2.5210
2659.4460 3290.3074 54.6360
1261.8213 3548.3508 34.5204
1648.7260 3811.9043 38.0533
1645.6509 3811.9163 38.0563
1729.7408 3852.3308 34.1819
2686.4805 3920.4500 42.7178
425.9151 2992.5630 39.8889
928.2506 2857.4094 59.6869
1981.8267 3028.8003 46.4598
149.0663 1671.2588 228.0595
1046.2871 696.7938 158.2696
-1380.8910 733.2104 182.3564
2526.0093 2037.4318 19.2193
2664.4238 496.8815 93.8141
-280.6228 6635.1211 6.9102
1087.4573 6511.8052 20.4550
1458.1615 6363.8496 22.8616
1846.5931 4763.1260 38.7754
1777.0115 4883.6572 36.6663
1777.9060 4880.7896 36.5525
2096.4187 4958.6113 40.0468
1952.0901 5104.5703 39.0309
1949.7250 5107.5503 39.0317
2834.2639 4571.9604 45.9916
94.0840 3754.3167 40.1829
-2873.4155 3107.4807 2.5210
2659.4460 3290.3074 54.6360
1261.8213 3548.3508 34.5204
1648.7260 3811.9043 38.0533
1645.6509 3811.9163 38.0563
1729.7408 3852.3308 34.1819
2686.4805 3920.4500 42.7178
425.9151 2992.5630 39.8889
928.2506 2857.4094 59.6869
1981.8267 3028.8003 46.4598
718.9376 -1237.0563 27.1328
982.7932 -590.7753 58.6718
982.3502 -592.1287 58.6701
981.2803 -590.3535 58.6904
466.1731 -1589.1885 32.1931
471.3635 -1563.6105 32.1936
455.3834 -1596.5920 32.2478
718.9376 -1237.0563 27.1328
982.7932 -590.7753 58.6718
982.3502 -592.1287 58.6701
981.2803 -590.3535 58.6904
466.1731 -1589.1885 32.1931
471.3635 -1563.6105 32.1936
455.3834 -1596.5920 32.2478
-3063.5125 165.8105 10.6079
-3063.6353 164.4824 10.6079
-3133.7561 227.4823 15.1653
-3132.7776 225.4412 15.1650
-3132.3027 226.7192 15.1653
-3134.3499 226.2203 15.1650
-3258.5190 1146.1699 1.8809
-331.0963 396.8408 109.4076
2365.9724 2541.3035 45.6749
2365.1462 2542.0051 45.6749
2364.9500 2542.9036 45.9395
1329.3066 -1550.8422 53.0588
1330.2977 -1549.8497 53.0644
1334.5735 -1559.8188 53.0593
1333.0123 -1560.9989 53.0590
1334.2896 -1561.0916 53.0590
1331.7899 -1559.0742 53.0590
1352.9861 -1563.9019 54.9503
1354.2350 -1563.6171 54.9503
1353.0859 -1565.2014 54.9503
-22.0271 6483.2324 33.6451
-22.9024 6484.3525 33.6451
-269.5266 6351.1304 31.4967
-270.4510 6352.2153 31.4968
-240.9045 6356.1162 30.5284
-241.5111 6354.5000 30.5169
-219.1137 6363.0083 30.4994
-217.3978 6363.2993 30.4994
-214.9843 6371.0942 30.8566
-310.0731 6273.8057 30.4994
-373.9216 6271.3633 30.3588
-377.8542 6274.1719 30.2812
1537.4702 6322.5303 23.0695
1535.6885 6322.8296 23.1477
1536.0776 6342.7812 23.1503
2014.2771 4994.7046 40.1626
2012.8088 4992.4873 40.2251
449.9379 3624.5933 30.5670
2472.9133 4445.1450 34.4294
1971.4430 3264.3391 44.5510
1964.8999 3255.9902 44.7304
1966.7712 3256.2686 44.7424
1973.8466 3260.9026 44.5970
2381.1108 3353.9590 46.9592
2381.4858 3351.7734 46.9596
2387.7627 3309.5242 46.6816
2388.5234 3307.4355 46.9247
2387.7959 3308.0098 46.6650
2657.7361 3288.0254 54.2452
2582.0396 3174.0164 49.9011
2176.1357 3384.5942 44.5345
2174.7104 3385.2156 44.5229
2173.8782 3384.7400 44.7211
2192.2390 3305.4592 45.3403
2191.9045 3303.9558 45.3398
2192.4937 3303.2380 45.5989
2154.9326 3388.9441 44.5495
2156.4575 3388.1470 44.6011
2153.9651 3386.8472 44.4943
1732.3057 3985.7432 30.9880
1874.8717 3975.6074 31.7318
1859.1991 3988.8330 30.5273
1873.7274 3975.5867 32.1050
1534.5463 3689.2061 34.0334
1607.0282 3700.7847 33.3820
1666.4447 3751.4763 33.9279
1981.4733 3701.6514 31.4690
1979.6073 3702.6677 31.4626
1982.3304 3712.9053 31.0706
1984.7047 3712.1973 31.0684
1984.7998 3710.9541 31.0689
2472.9648 3827.4197 39.2449
2471.8579 3828.9617 39.1460
2462.3154 3831.8079 39.2082
2462.4053 3825.2095 39.0693
359.3781 2979.4338 39.8496
357.9658 2980.0383 39.8770
357.1692 2979.5977 40.1734
504.8022 3095.0999 39.4695
852.6209 2853.9150 56.6720
851.1884 2854.5037 56.7132
849.1665 2860.5261 57.4912
848.6348 2862.0625 57.4945
1981.7130 3027.2529 46.0647
984.3870 2671.0647 39.0115
987.3958 2671.7712 39.1745
722.3373 2311.5576 49.3502
719.8040 2312.7461 49.3631
723.2299 2313.9014 49.7359
-34.8727 1947.0825 189.1902
195.3150 3028.9233 42.8938
196.0232 3026.9392 42.8947
-3063.5125 165.8105 10.6079
-3063.6353 164.4824 10.6079
-3133.7561 227.4823 15.1653
-3132.7776 225.4412 15.1650
-3132.3027 226.7192 15.1653
-3134.3499 226.2203 15.1650
-331.0963 396.8408 109.4076
2365.9724 2541.3035 45.6749
2365.1462 2542.0051 45.6749
2364.9500 2542.9036 45.9395
1329.3066 -1550.8422 53.0588
1330.2977 -1549.8497 53.0644
1334.5735 -1559.8188 53.0593
1333.0123 -1560.9989 53.0590
1334.2896 -1561.0916 53.0590
1331.7899 -1559.0742 53.0590
1352.9861 -1563.9019 54.9503
1354.2350 -1563.6171 54.9503
1353.0859 -1565.2014 54.9503
-22.0271 6483.2324 33.6451
-22.9024 6484.3525 33.6451
-269.5266 6351.1304 31.4967
-270.4510 6352.2153 31.4968
-240.9045 6356.1162 30.5284
-241.5111 6354.5000 30.5169
-219.1137 6363.0083 30.4994
-217.3978 6363.2993 30.4994
-214.9843 6371.0942 30.8566
-310.0731 6273.8057 30.4994
-373.9216 6271.3633 30.3588
-377.8542 6274.1719 30.2812
1537.4702 6322.5303 23.0695
1535.6885 6322.8296 23.1477
1536.0776 6342.7812 23.1503
-1093.3348 4892.4795 215.0765
2014.2771 4994.7046 40.1626
2012.8088 4992.4873 40.2251
449.9379 3624.5933 30.5670
2472.9133 4445.1450 34.4294
1971.4430 3264.3391 44.5510
1964.8999 3255.9902 44.7304
1966.7712 3256.2686 44.7424
1973.8466 3260.9026 44.5970
2381.1108 3353.9590 46.9592
2381.4858 3351.7734 46.9596
2387.7627 3309.5242 46.6816
2388.5234 3307.4355 46.9247
2387.7959 3308.0098 46.6650
2657.7361 3288.0254 54.2452
2582.0396 3174.0164 49.9011
2176.1357 3384.5942 44.5345
2174.7104 3385.2156 44.5229
2173.8782 3384.7400 44.7211
2192.2390 3305.4592 45.3403
2191.9045 3303.9558 45.3398
2192.4937 3303.2380 45.5989
2154.9326 3388.9441 44.5495
2156.4575 3388.1470 44.6011
2153.9651 3386.8472 44.4943
1732.3057 3985.7432 30.9880
1874.8717 3975.6074 31.7318
1859.1991 3988.8330 30.5273
1873.7274 3975.5867 32.1050
1534.5463 3689.2061 34.0334
1607.0282 3700.7847 33.3820
1666.4447 3751.4763 33.9279
1981.4733 3701.6514 31.4690
1979.6073 3702.6677 31.4626
1982.3304 3712.9053 31.0706
1984.7047 3712.1973 31.0684
1984.7998 3710.9541 31.0689
2472.9648 3827.4197 39.2449
2471.8579 3828.9617 39.1460
2462.3154 3831.8079 39.2082
2462.4053 3825.2095 39.0693
359.3781 2979.4338 39.8496
357.9658 2980.0383 39.8770
357.1692 2979.5977 40.1734
504.8022 3095.0999 39.4695
852.6209 2853.9150 56.6720
851.1884 2854.5037 56.7132
849.1665 2860.5261 57.4912
848.6348 2862.0625 57.4945
1981.7130 3027.2529 46.0647
984.3870 2671.0647 39.0115
987.3958 2671.7712 39.1745
722.3373 2311.5576 49.3502
719.8040 2312.7461 49.3631
723.2299 2313.9014 49.7359
-34.8727 1947.0825 189.1902
195.3150 3028.9233 42.8938
196.0232 3026.9392 42.8947
1321.1675 -1733.5461 53.3626
1297.7965 -1609.3687 53.2353
1297.3914 -1610.8108 53.2328
1288.0615 -1604.1545 53.8358
1289.0331 -1602.1686 53.8342
1251.0576 -1640.4319 50.2395
1250.0129 -1640.8286 50.2496
1132.1016 -962.8065 46.3903
1134.2257 -962.3349 46.5210
1140.9410 -965.2166 46.3612
1141.4088 -967.6041 46.0916
-210.3079 -1608.3240 33.8718
-129.1558 -1458.9672 36.7884
-120.7202 -1491.7573 33.1633
-119.7706 -1492.1586 33.1629
-145.8923 -1470.7545 33.1639
-144.9425 -1471.1559 33.1627
-83.4925 -1434.8889 30.5462
411.5878 -1923.1781 24.1209
409.9606 -1921.5793 24.1632
411.2699 -1920.2705 24.2858
411.2668 -1914.6744 24.4579
413.1493 -1918.3711 24.4268
414.6842 -1919.5255 24.3636
413.2220 -1920.8536 24.2707
478.4613 -1553.1987 31.7931
478.2296 -1555.3829 31.7959
480.4740 -1554.8041 31.7951
443.4453 -1586.5294 31.8460
444.7304 -1587.4796 31.8455
-122.5200 -1576.8628 33.2061
-123.2316 -1577.8204 33.2140
-120.7961 -1577.3572 33.1980
-120.8441 -1579.4056 33.2130
-117.5598 -1576.5210 36.4179
-157.7342 -1629.0190 33.1627
-82.4306 -1621.5697 33.6963
-94.7110 -1618.2546 30.4891
-95.6579 -1619.4175 30.4893
-98.9974 -1623.7456 30.4896
-96.5777 -1630.0372 30.5147
-97.4910 -1629.1345 30.5153
-87.1757 -1609.3390 30.4891
-86.4406 -1608.3336 30.4953
-89.0371 -1611.4941 30.4935
-41.2615 -1769.6406 26.8669
-42.5821 -1770.4933 26.8561
-43.2909 -1772.3348 27.2100
475.8973 -1758.3827 27.6889
504.4882 -1696.3368 28.7166
502.3690 -1697.2689 28.4045
503.1228 -1696.2306 28.4017
137.6077 -1919.3966 20.0108
138.1880 -1920.5421 20.0107
147.3924 -1962.1680 18.4683
146.0217 -1940.8816 18.8019
342.8323 -1854.8245 26.3324
341.9761 -1853.5044 26.3291
340.1353 -1852.7971 26.6816
337.0635 -1829.2068 26.9472
336.1558 -1830.1140 26.9539
298.2284 -1954.7926 23.0455
301.1810 -1956.6577 23.2743
312.9422 -1957.2740 23.2511
366.4727 -2004.0453 22.5898
378.6477 -2004.6064 22.8966
401.9685 -2023.0519 22.2916
378.7673 -2065.3557 20.3712
201.2146 -1264.4152 28.2943
202.0617 -1264.6949 28.2857
104.3691 -1689.9625 28.2782
-1539.3230 -902.7262 9.1633
-1537.8169 -904.3664 9.1585
-1539.3512 -904.4507 9.1504
-1537.0940 -907.8696 9.1407
-1538.8682 -906.6674 9.1397
-1114.4200 -1447.1034 4.1320
-1112.8707 -1449.7817 4.1366
-1113.9092 -1447.8098 4.1228
-1111.1473 -1451.6071 4.1223
-1147.1610 -1474.3021 9.5930
-1148.3265 -1474.3018 9.5922
-1148.9830 -1473.0314 9.5922
-1148.1060 -1472.4166 9.5922
-1146.7201 -1474.9906 9.5922
-1145.2697 -1476.5472 9.5922
-1150.6519 -1467.3857 9.5922
-1149.8313 -1467.0205 9.5922
-1148.4805 -1465.8674 9.5926
-1149.2028 -1466.3732 9.5926
-1134.7781 -1469.2761 6.7000
-1134.2739 -1470.0215 6.7000
-1155.5796 -1425.7134 10.2742
-1155.2626 -1424.4916 10.2742
-1155.7039 -1423.8058 10.2742
-1157.7605 -1424.4270 10.2742
-1158.4178 -1423.1582 10.2742
-1157.5396 -1422.5422 10.2742
-1134.2455 -1469.8993 3.6246
-1115.6527 -1445.3511 4.1228
-1110.9712 -1450.0691 4.1223
-1267.6338 -1459.0516 3.4353
-1294.9327 -1419.0471 3.4310
-1430.2349 -1509.1644 2.7228
-1329.5065 -1405.1133 3.3207
-1318.3900 -1407.4329 3.3161
-1125.9929 -1669.0236 3.3697
1321.1675 -1733.5461 53.3626
1297.7965 -1609.3687 53.2353
1297.3914 -1610.8108 53.2328
1288.0615 -1604.1545 53.8358
1289.0331 -1602.1686 53.8342
1251.0576 -1640.4319 50.2395
1250.0129 -1640.8286 50.2496
1132.1016 -962.8065 46.3903
1134.2257 -962.3349 46.5210
1140.9410 -965.2166 46.3612
1141.4088 -967.6041 46.0916
-210.3079 -1608.3240 33.8718
-129.1558 -1458.9672 36.7884
-120.7202 -1491.7573 33.1633
-119.7706 -1492.1586 33.1629
-145.8923 -1470.7545 33.1639
-144.9425 -1471.1559 33.1627
-83.4925 -1434.8889 30.5462
411.5878 -1923.1781 24.1209
409.9606 -1921.5793 24.1632
411.2699 -1920.2705 24.2858
411.2668 -1914.6744 24.4579
413.1493 -1918.3711 24.4268
414.6842 -1919.5255 24.3636
413.2220 -1920.8536 24.2707
478.4613 -1553.1987 31.7931
478.2296 -1555.3829 31.7959
480.4740 -1554.8041 31.7951
443.4453 -1586.5294 31.8460
444.7304 -1587.4796 31.8455
-122.5200 -1576.8628 33.2061
-123.2316 -1577.8204 33.2140
-120.7961 -1577.3572 33.1980
-120.8441 -1579.4056 33.2130
-117.5598 -1576.5210 36.4179
-157.7342 -1629.0190 33.1627
-82.4306 -1621.5697 33.6963
-94.7110 -1618.2546 30.4891
-95.6579 -1619.4175 30.4893
-98.9974 -1623.7456 30.4896
-96.5777 -1630.0372 30.5147
-97.4910 -1629.1345 30.5153
-87.1757 -1609.3390 30.4891
-86.4406 -1608.3336 30.4953
-89.0371 -1611.4941 30.4935
-41.2615 -1769.6406 26.8669
-42.5821 -1770.4933 26.8561
-43.2909 -1772.3348 27.2100
475.8973 -1758.3827 27.6889
504.4882 -1696.3368 28.7166
502.3690 -1697.2689 28.4045
503.1228 -1696.2306 28.4017
137.6077 -1919.3966 20.0108
138.1880 -1920.5421 20.0107
147.3924 -1962.1680 18.4683
146.0217 -1940.8816 18.8019
342.8323 -1854.8245 26.3324
341.9761 -1853.5044 26.3291
340.1353 -1852.7971 26.6816
337.0635 -1829.2068 26.9472
336.1558 -1830.1140 26.9539
298.2284 -1954.7926 23.0455
301.1810 -1956.6577 23.2743
312.9422 -1957.2740 23.2511
366.4727 -2004.0453 22.5898
378.6477 -2004.6064 22.8966
401.9685 -2023.0519 22.2916
378.7673 -2065.3557 20.3712
201.2146 -1264.4152 28.2943
202.0617 -1264.6949 28.2857
104.3691 -1689.9625 28.2782
-1539.3230 -902.7262 9.1633
-1537.8169 -904.3664 9.1585
-1539.3512 -904.4507 9.1504
-1537.0940 -907.8696 9.1407
-1538.8682 -906.6674 9.1397
-1290.5397 -1710.0470 1.6135
-17.6636 3030.6055 40.3175
-18.4907 3032.5544 40.3327
-18.0032 3030.9670 39.9889
-18.4930 3032.5544 39.9891
-1114.4200 -1447.1034 4.1320
-1112.8707 -1449.7817 4.1366
-1113.9092 -1447.8098 4.1228
-1111.1473 -1451.6071 4.1223
-1147.1610 -1474.3021 9.5930
-1148.3265 -1474.3018 9.5922
-1148.9830 -1473.0314 9.5922
-1148.1060 -1472.4166 9.5922
-1146.7201 -1474.9906 9.5922
-1145.2697 -1476.5472 9.5922
-1150.6519 -1467.3857 9.5922
-1149.8313 -1467.0205 9.5922
-1148.4805 -1465.8674 9.5926
-1149.2028 -1466.3732 9.5926
-1134.7781 -1469.2761 6.7000
-1134.2739 -1470.0215 6.7000
-1155.5796 -1425.7134 10.2742
-1155.2626 -1424.4916 10.2742
-1155.7039 -1423.8058 10.2742
-1157.7605 -1424.4270 10.2742
-1158.4178 -1423.1582 10.2742
-1157.5396 -1422.5422 10.2742
-1134.2455 -1469.8993 3.6246
-1115.6527 -1445.3511 4.1228
-1110.9712 -1450.0691 4.1223
-1267.6338 -1459.0516 3.4353
-1294.9327 -1419.0471 3.4310
-1422.8619 -1460.6622 1.6768
-1284.3038 -1699.0125 1.9481
-1430.2349 -1509.1644 2.7228
-1329.5065 -1405.1133 3.3207
-1318.3900 -1407.4329 3.3161
-1125.9929 -1669.0236 3.3697
-1487.9943 -1324.8297 1.5498
-1520.3944 -1237.6782 1.3659
-1533.5375 -1226.1171 1.2688
-1511.6892 -1292.0000 1.0263
-883.9183 -2405.5139 13.0098
-897.1811 -2397.5227 13.0098
-1063.9357 -341.1980 36.8033
-1068.7740 -343.5557 36.8033
-1155.1656 -328.4781 36.5995
-1155.4767 -331.9638 36.5646
-1068.9657 -354.3546 36.8073
-1125.8116 -327.8670 36.8290
-1049.4806 -307.2250 36.7194
-1048.0819 -311.3622 36.6848
-1047.1002 -315.6093 36.6443
-1128.5597 -330.2992 36.8290
-942.3875 -340.0131 37.9706
-436.8643 -298.9781 41.2143
-439.1178 -293.5877 41.2143
-447.3646 -278.9380 41.1994
-444.9486 -281.0808 41.1996
-440.7089 -284.9588 41.2074
-438.4479 -286.9947 41.2074
-470.9980 -292.6180 41.2005
-472.8340 -288.2927 41.2042
-467.0073 -301.8564 41.2370
-465.3982 -305.6307 41.2331
-461.1824 -315.7987 41.2127
-459.4658 -319.9084 41.2141
-489.8859 -311.8152 41.2024
-491.1993 -308.7209 41.2024
-496.3934 -296.4715 41.2113
-514.8976 -321.1415 41.2081
-515.2494 -327.5962 41.2119
-505.6115 -351.0427 41.2312
-500.6390 -351.6784 41.2312
-444.8405 -358.8603 41.2312
-449.9420 -358.1980 41.2312
-517.4977 -343.7550 41.2312
-517.0790 -340.5934 41.2312
-429.1902 -322.7178 41.2130
-428.8081 -319.6066 41.2130
-458.8014 -340.3498 33.5139
-454.6878 -326.5022 33.5139
-451.0681 -327.0088 33.5139
-453.4771 -353.5442 33.5139
-457.6171 -352.9648 33.5139
-491.8546 -324.6525 33.5139
-488.2349 -325.1591 33.5139
-494.7049 -348.1376 33.5139
-490.6117 -348.7105 33.5139
-321.6913 -251.0443 33.3221
-320.1580 -248.9499 33.3221
-318.6247 -246.8556 33.3221
-326.2169 -218.6080 36.5665
-324.1303 -220.1520 36.5665
-322.0438 -221.6960 36.5665
-323.3207 -260.7283 33.3909
-325.4568 -259.1602 33.3916
-365.2557 -233.2748 35.0821
-119.7626 6464.4800 30.4792
-123.0526 6467.7700 30.4792
-109.8583 6454.5757 30.4455
451.6893 -625.8267 27.5190
452.2666 -618.5770 27.5526
453.6002 -604.3463 27.5664
449.8284 -646.9286 27.4762
450.3792 -640.0052 27.5159
438.4460 -618.4098 27.7098
438.7048 -615.8943 27.7145
439.2183 -609.6174 27.7285
439.0282 -612.2178 27.7238
-180.3777 -665.9254 33.1268
-183.3059 -664.8392 33.0816
-206.4408 -653.8207 32.6252
-214.9360 -602.4949 33.2223
-220.6298 -708.0209 32.6158
-224.3748 -718.3100 32.6223
-228.0748 -728.4758 32.5150
-231.6748 -738.3666 32.3916
-213.9239 -599.7380 33.2497
-239.9090 -760.7580 31.9187
-238.5823 -757.1159 31.9837
-138.5097 -678.9103 33.8789
-121.4878 -647.3777 35.0430
-883.9183 -2405.5139 13.0098
-897.1811 -2397.5227 13.0098
-1063.9357 -341.1980 36.8033
-1068.7740 -343.5557 36.8033
-1155.1656 -328.4781 36.5995
-1155.4767 -331.9638 36.5646
-1068.9657 -354.3546 36.8073
-1125.8116 -327.8670 36.8290
-1049.4806 -307.2250 36.7194
-1048.0819 -311.3622 36.6848
-1047.1002 -315.6093 36.6443
-1128.5597 -330.2992 36.8290
-942.3875 -340.0131 37.9706
-879.0831 -422.2105 35.7622
-877.8779 -424.4841 35.7622
-868.9714 -441.8862 35.7622
-870.2678 -439.4345 35.7622
-910.6909 -468.2307 38.5987
-913.3473 -466.2189 38.5918
-915.0831 -462.8122 38.5918
-924.9855 -443.3466 38.5936
-923.3276 -446.6718 38.5936
-924.8835 -440.0495 38.5817
-436.8643 -298.9781 41.2143
-439.1178 -293.5877 41.2143
-447.3646 -278.9380 41.1994
-444.9486 -281.0808 41.1996
-440.7089 -284.9588 41.2074
-438.4479 -286.9947 41.2074
-470.9980 -292.6180 41.2005
-472.8340 -288.2927 41.2042
-467.0073 -301.8564 41.2370
-465.3982 -305.6307 41.2331
-461.1824 -315.7987 41.2127
-459.4658 -319.9084 41.2141
-489.8859 -311.8152 41.2024
-491.1993 -308.7209 41.2024
-496.3934 -296.4715 41.2113
-514.8976 -321.1415 41.2081
-515.2494 -327.5962 41.2119
-505.6115 -351.0427 41.2312
-500.6390 -351.6784 41.2312
-444.8405 -358.8603 41.2312
-449.9420 -358.1980 41.2312
-517.4977 -343.7550 41.2312
-517.0790 -340.5934 41.2312
-429.1902 -322.7178 41.2130
-428.8081 -319.6066 41.2130
-458.8014 -340.3498 33.5139
-454.6878 -326.5022 33.5139
-451.0681 -327.0088 33.5139
-453.4771 -353.5442 33.5139
-457.6171 -352.9648 33.5139
-491.8546 -324.6525 33.5139
-488.2349 -325.1591 33.5139
-494.7049 -348.1376 33.5139
-490.6117 -348.7105 33.5139
-321.6913 -251.0443 33.3221
-320.1580 -248.9499 33.3221
-318.6247 -246.8556 33.3221
-326.2169 -218.6080 36.5665
-324.1303 -220.1520 36.5665
-322.0438 -221.6960 36.5665
-323.3207 -260.7283 33.3909
-325.4568 -259.1602 33.3916
-365.2557 -233.2748 35.0821
-119.7626 6464.4800 30.4792
-123.0526 6467.7700 30.4792
-109.8583 6454.5757 30.4455
451.6893 -625.8267 27.5190
452.2666 -618.5770 27.5526
453.6002 -604.3463 27.5664
449.8284 -646.9286 27.4762
450.3792 -640.0052 27.5159
438.4460 -618.4098 27.7098
438.7048 -615.8943 27.7145
439.2183 -609.6174 27.7285
439.0282 -612.2178 27.7238
-180.3777 -665.9254 33.1268
-183.3059 -664.8392 33.0816
-206.4408 -653.8207 32.6252
-214.9360 -602.4949 33.2223
-220.6298 -708.0209 32.6158
-224.3748 -718.3100 32.6223
-228.0748 -728.4758 32.5150
-231.6748 -738.3666 32.3916
-213.9239 -599.7380 33.2497
-239.9090 -760.7580 31.9187
-238.5823 -757.1159 31.9837
-138.5097 -678.9103 33.8789
-121.4878 -647.3777 35.0430
407.0834 -213.5373 58.8876
410.0850 -205.2000 58.8876
418.2228 -217.6322 58.8876
421.4230 -209.0248 58.8876
426.2657 -236.1913 54.9362
424.4979 -231.3822 54.9362
444.5369 -239.5693 54.9362
432.7039 -235.2625 54.9362
455.3600 -233.8586 54.9362
458.3106 -239.9441 54.9362
464.5679 -247.3584 54.9362
460.3137 -220.2487 54.9362
475.8007 -216.4967 54.9362
466.3043 -217.9814 54.9362
455.6568 -209.0177 54.9362
443.8238 -204.7108 54.9362
430.6481 -212.3209 54.9362
434.9016 -202.5310 54.9362
439.4216 -200.0458 54.9362
473.0805 -207.8684 54.9362
477.6006 -205.3832 54.9362
459.0829 -256.7633 54.9362
457.3151 -251.9542 54.9362
480.0975 -211.3297 52.7473
850.6642 -1314.9940 25.3967
850.6642 -1316.9457 25.3967
850.6642 -1319.8529 25.3967
850.6642 -1317.8373 25.3967
847.6240 -1319.8529 25.3967
816.1377 -1300.1959 25.1986
-1035.4039 -771.2929 17.6884
-1033.9257 -768.6990 17.6875
-609.6411 -937.7816 22.8476
-609.6411 -932.0835 22.8476
-596.1110 -937.4495 22.8489
-604.8741 -925.8642 22.8515
-600.4183 -925.8642 22.8515
-581.3011 -870.9341 24.8975
-590.5155 -870.9341 24.8975
-582.4088 -853.5991 25.1283
817.8407 -3267.1348 5.0836
817.8008 -3266.3018 5.0828
812.8965 -3267.1348 5.0790
812.8566 -3266.3018 5.0784
813.5220 -3009.6667 5.0203
813.5457 -3010.5000 5.0203
800.6444 -3010.3779 5.0203
800.6207 -3009.5444 5.0203
790.2928 -3005.5791 5.0203
789.7321 -3006.1963 5.0203
780.6164 -2998.2900 5.0203
819.0416 -3004.8679 5.0203
819.8742 -3004.8230 5.0215
789.0486 -2997.1553 5.0203
789.6914 -2997.6860 5.0203
344.9768 -1387.8104 31.4711
338.1317 -1382.0686 31.4614
347.4377 -1393.3453 31.4960
338.7426 -1403.7112 31.5107
333.1250 -1401.9396 31.3980
326.4175 -1396.3131 31.4075
301.0835 -1453.7738 28.9433
289.9120 -1444.4028 28.9591
287.8524 -1442.6753 28.9620
303.0876 -1455.4548 28.9404
334.5580 -1391.1492 31.5107
330.8673 -1391.2477 31.5107
327.8538 -1388.7180 31.5107
331.0752 -1384.7220 31.5107
334.0957 -1387.3051 31.5107
-1653.0803 -481.2037 36.7839
-1650.4280 -477.6990 36.7839
-1672.7251 -505.7596 36.2780
-1675.3774 -509.2644 36.2780
-607.2975 37.7627 42.5397
-584.1508 37.8281 42.5882
-589.0015 37.8281 42.5882
-602.6981 37.7627 42.5397
-671.9023 176.5628 72.2390
-668.3175 168.8202 72.2403
-677.9432 164.3326 72.2413
-681.5624 172.0940 72.2413
-690.7299 167.8102 72.2413
-666.6792 178.9442 72.2393
-672.7421 166.7593 72.2413
-676.3419 174.5284 72.2413
-685.9541 169.9619 72.2413
-682.4783 162.3337 72.2413
-695.0790 165.7069 72.2413
-733.4357 170.7331 80.9517
-735.8247 169.6191 80.9536
-733.9835 176.7521 80.9517
-734.8378 176.2986 80.9530
-740.2864 173.3457 80.9536
-740.6922 176.6504 80.9544
-741.0980 179.9550 80.9538
-718.8121 276.3517 83.6375
-661.0619 305.1835 82.0860
-663.4099 303.3709 82.0860
-666.5439 303.6452 82.0860
-669.9886 303.9464 82.0860
407.0834 -213.5373 58.8876
410.0850 -205.2000 58.8876
418.2228 -217.6322 58.8876
421.4230 -209.0248 58.8876
426.2657 -236.1913 54.9362
424.4979 -231.3822 54.9362
444.5369 -239.5693 54.9362
432.7039 -235.2625 54.9362
455.3600 -233.8586 54.9362
458.3106 -239.9441 54.9362
464.5679 -247.3584 54.9362
460.3137 -220.2487 54.9362
475.8007 -216.4967 54.9362
466.3043 -217.9814 54.9362
455.6568 -209.0177 54.9362
443.8238 -204.7108 54.9362
430.6481 -212.3209 54.9362
434.9016 -202.5310 54.9362
439.4216 -200.0458 54.9362
473.0805 -207.8684 54.9362
477.6006 -205.3832 54.9362
459.0829 -256.7633 54.9362
457.3151 -251.9542 54.9362
480.0975 -211.3297 52.7473
850.6642 -1314.9940 25.3967
850.6642 -1316.9457 25.3967
850.6642 -1319.8529 25.3967
850.6642 -1317.8373 25.3967
847.6240 -1319.8529 25.3967
816.1377 -1300.1959 25.1986
-1035.4039 -771.2929 17.6884
-1033.9257 -768.6990 17.6875
-609.6411 -937.7816 22.8476
-609.6411 -932.0835 22.8476
-596.1110 -937.4495 22.8489
-604.8741 -925.8642 22.8515
-600.4183 -925.8642 22.8515
-581.3011 -870.9341 24.8975
-590.5155 -870.9341 24.8975
-582.4088 -853.5991 25.1283
817.8407 -3267.1348 5.0836
817.8008 -3266.3018 5.0828
812.8965 -3267.1348 5.0790
812.8566 -3266.3018 5.0784
813.5220 -3009.6667 5.0203
813.5457 -3010.5000 5.0203
800.6444 -3010.3779 5.0203
800.6207 -3009.5444 5.0203
790.2928 -3005.5791 5.0203
789.7321 -3006.1963 5.0203
780.6164 -2998.2900 5.0203
819.0416 -3004.8679 5.0203
819.8742 -3004.8230 5.0215
789.0486 -2997.1553 5.0203
789.6914 -2997.6860 5.0203
344.9768 -1387.8104 31.4711
338.1317 -1382.0686 31.4614
347.4377 -1393.3453 31.4960
338.7426 -1403.7112 31.5107
333.1250 -1401.9396 31.3980
326.4175 -1396.3131 31.4075
301.0835 -1453.7738 28.9433
289.9120 -1444.4028 28.9591
287.8524 -1442.6753 28.9620
303.0876 -1455.4548 28.9404
334.5580 -1391.1492 31.5107
330.8673 -1391.2477 31.5107
327.8538 -1388.7180 31.5107
331.0752 -1384.7220 31.5107
334.0957 -1387.3051 31.5107
-1653.0803 -481.2037 36.7839
-1650.4280 -477.6990 36.7839
-1672.7251 -505.7596 36.2780
-1675.3774 -509.2644 36.2780
-607.2975 37.7627 42.5397
-584.1508 37.8281 42.5882
-589.0015 37.8281 42.5882
-602.6981 37.7627 42.5397
-671.9023 176.5628 72.2390
-668.3175 168.8202 72.2403
-677.9432 164.3326 72.2413
-681.5624 172.0940 72.2413
-690.7299 167.8102 72.2413
-666.6792 178.9442 72.2393
-672.7421 166.7593 72.2413
-676.3419 174.5284 72.2413
-685.9541 169.9619 72.2413
-682.4783 162.3337 72.2413
-695.0790 165.7069 72.2413
-733.4357 170.7331 80.9517
-735.8247 169.6191 80.9536
-733.9835 176.7521 80.9517
-734.8378 176.2986 80.9530
-740.2864 173.3457 80.9536
-740.6922 176.6504 80.9544
-741.0980 179.9550 80.9538
-718.8121 276.3517 83.6375
-661.0619 305.1835 82.0860
-663.4099 303.3709 82.0860
-666.5439 303.6452 82.0860
-669.9886 303.9464 82.0860