-2282.4624 363.9183 174.5548 3B21C5E7
1485.7189 1134.1254 114.2866 3B21C5E7
2558.0400 2601.4832 38.0272 3B21C5E7
-310.8767 -739.2831 33.8922 3B21C5E7
-325.2800 -737.7930 43.5431 3B21C5E7
461.8447 -705.4296 27.3244 3B21C5E7
-2282.4624 363.9183 174.5548 3B21C5E7
1485.7189 1134.1254 114.2866 3B21C5E7
2558.0400 2601.4832 38.0272 3B21C5E7
-310.8767 -739.2831 33.8922 3B21C5E7
-325.2800 -737.7930 43.5431 3B21C5E7
461.8447 -705.4296 27.3244 3B21C5E7
285.8153 194.4789 104.3029 3B21C5E7
309.2181 186.1413 103.8246 3B21C5E7
-693.6306 -763.3943 33.6216 3B21C5E7
800.7462 -3261.5735 6.0181 3B21C5E7
816.4662 -2970.5530 5.9784 3B21C5E7
821.8367 -2989.4578 5.9648 3B21C5E7
820.7075 -2989.4578 5.9648 3B21C5E7
63.1407 -1576.7692 29.5572 3B21C5E7
-59.2413 -1749.8234 29.2429 3B21C5E7
-1547.7244 -442.5439 35.8929 3B21C5E7
-1695.9280 -1125.8328 13.1029 3B21C5E7
-1655.5085 -1095.8640 13.1029 3B21C5E7
-1122.6664 -1644.4709 4.6103 3B21C5E7
285.8153 194.4789 104.3029 3B21C5E7
309.2181 186.1413 103.8246 3B21C5E7
-693.6306 -763.3943 33.6216 3B21C5E7
800.7462 -3261.5735 6.0181 3B21C5E7
816.4662 -2970.5530 5.9784 3B21C5E7
821.8367 -2989.4578 5.9648 3B21C5E7
820.7075 -2989.4578 5.9648 3B21C5E7
313.9933 -587.3926 43.2122 3B21C5E7
320.9675 -600.5375 43.3059 3B21C5E7
63.1407 -1576.7692 29.5572 3B21C5E7
-59.2413 -1749.8234 29.2429 3B21C5E7
-1547.7244 -442.5439 35.8929 3B21C5E7
-1695.9280 -1125.8328 13.1029 3B21C5E7
-1655.5085 -1095.8640 13.1029 3B21C5E7
-1170.4342 -1575.1049 4.6075 3B21C5E7
-1139.4036 -1622.7988 4.3584 3B21C5E7
-1147.6367 -1601.7198 4.3584 3B21C5E7
-1122.6664 -1644.4709 4.6103 3B21C5E7
-2282.0439 362.9230 174.5548 426A547C
1486.8392 1134.1171 114.2866 426A547C
1699.5975 4790.5908 41.8664 426A547C
549.3074 2674.0005 42.1492 426A547C
449.0573 -656.4379 28.4318 426A547C
451.0299 -633.0847 28.5164 426A547C
439.6953 -602.5909 28.6635 426A547C
-332.7849 -783.6827 43.5693 426A547C
-332.6729 -784.0983 33.9060 426A547C
-327.9519 -736.8038 38.7593 426A547C
-327.8994 -736.8130 48.3665 426A547C
-2282.0439 362.9230 174.5548 426A547C
1486.8392 1134.1171 114.2866 426A547C
1699.5975 4790.5908 41.8664 426A547C
549.3074 2674.0005 42.1492 426A547C
449.0573 -656.4379 28.4318 426A547C
451.0299 -633.0847 28.5164 426A547C
439.6953 -602.5909 28.6635 426A547C
-332.7849 -783.6827 43.5693 426A547C
-332.6729 -784.0983 33.9060 426A547C
-327.9519 -736.8038 38.7593 426A547C
-327.8994 -736.8130 48.3665 426A547C
-692.1820 -729.8459 33.6203 426A547C
-692.1820 -729.8459 29.2978 426A547C
-692.1820 -748.8821 24.9908 426A547C
799.5865 -3261.5542 6.0184 426A547C
815.3065 -2970.5339 5.9784 426A547C
-1546.9281 -443.2316 35.8385 426A547C
-1696.5012 -1126.7820 13.1029 426A547C
-1656.2904 -1096.6504 13.1029 426A547C
-692.1820 -729.8459 33.6203 426A547C
-692.1820 -729.8459 29.2978 426A547C
-692.1820 -748.8821 24.9908 426A547C
799.5865 -3261.5542 6.0184 426A547C
815.3065 -2970.5339 5.9784 426A547C
312.8830 -586.9985 43.2122 426A547C
322.0778 -600.9315 43.3059 426A547C
-1546.9281 -443.2316 35.8385 426A547C
-1696.5012 -1126.7820 13.1029 426A547C
-1656.2904 -1096.6504 13.1029 426A547C
-2280.4463 359.1255 173.5946 418F055A
-323.9873 6229.6680 30.4971 418F055A
1698.5712 4790.6221 40.9215 418F055A
-2194.0342 4289.1050 48.1640 418F055A
2004.7494 3789.3799 31.1783 418F055A
1048.6326 2661.8738 38.5438 418F055A
-2280.4463 359.1255 173.5946 418F055A
-323.9873 6229.6680 30.4971 418F055A
1698.5712 4790.6221 40.9215 418F055A
-2194.0342 4289.1050 48.1640 418F055A
2004.7494 3789.3799 31.1783 418F055A
1048.6326 2661.8738 38.5438 418F055A
1172.5385 -293.7716 67.9843 418F055A
-597.8881 -934.9000 22.8679 418F055A
813.4727 -2973.2163 5.0203 418F055A
-1548.5916 -441.9799 34.8866 418F055A
-1695.5181 -1124.8424 12.1453 418F055A
-1144.1575 -1613.7368 3.3792 418F055A
1172.5385 -293.7716 67.9843 418F055A
-597.8881 -934.9000 22.8679 418F055A
813.4727 -2973.2163 5.0203 418F055A
-1548.5916 -441.9799 34.8866 418F055A
-1695.5181 -1124.8424 12.1453 418F055A
-1129.2073 -1637.1276 3.3540 418F055A
-1144.1575 -1613.7368 3.3792 418F055A